1 47534328 51534328 region1
2 133742429 137242430 region2
2 182135273 189135274 region3
3 47458510 49962567 region4
3 83450849 86950850 region5
5 98664296 101164296 region6
5 129664307 132664308 region7
5 136164311 139164311 region8
6 24999772 33532223 region9
6 139678863 142178863 region10
8 8142478 12142491 region11
11 87789108 90766832 region12
12 109062195 111562196 region13
20 33412194 35912078 region14
2 86000000 100500000 region15
3 89000000 97500000 region16
5 44000000 51500000 region17
6 57000000 64000000 region18
7 55000000 66000000 region19
8 43000000 50000000 region20
10 37000000 43000000 region21
11 45000000 57000000 region22
12 33000000 40000000 region23
